000000000000000000000000000000000000000000000000000000000000000000000000000000000000000000
000000000000000000000000000000000000000000000000000000000000000000000000000000000000000000
000000000000000000000000000000000000000000022000000000000000000000000000000000000000000000
000000000000000000000000000000000000000002222000000002222200000000000000000000000000000000
000000000000000000000000000000000000000222220000000022112000000000000000000000000000000000
000000000000000000000000000000000000002212200000000223322000000000000000000000000000000000
000000000000000000000000000000000000002112000000002211120000000000000000000000000000000000
002222000000000000000000000000000000022112000000002221120000000000000000000000000000000000
022112222000000000000000000000000002221122000000000022122000000000000000000000000000000000
021111112222000000000000000000000222331120000000000002220000000000000000000000000000000000
022222222222200000000000000000002241333120000000000022200000000000000000000000000000000000
000000000000000000000000000000002443333320000000000022000000000000000000000000000000000000
000000000000000000000000000000002413333320000000000222000000000000000000000000000000000000
000000000000000000000000000000002433333322000000000220000000000000000000000000000002220000
000000000000000000000000000000022433333332200000002220000000000000000000000000022222322200
000000000000000000000000000000022433333331222000022000000000000000000000000000223333333222
000000000000000000000000000000002433333331112000000020020000000000000000000022233333333311
000000000000000000000000000000002223333333122000000222200000000000000000000223333333333111
000000000000000000002200000000000022333311120000002220000000000000000000022233333331111111
000000000000000000000222000000000002111122220000022000000000000000000002223333331111111111
000000000000000000000212000000000002222220000000020000000000000000000022333331111111111111
000000000000000000000222200000000002200200000000000000000000000000002223331111111111111111
000000000000000002200021220000000000000000000000000000000000000000222331111111111111111122
000000000000000002220022122000000022200000000000220222222200000002233111111111111111111220
000000000000000022120002112000000221222222000000000221133220000222111111111111111111112200
000000000000000221220002112200002211111112000000000022222222022211111111111111111111222000
000000000000000022200022112200002111111112000000000020000022221111111111111111111112200000
000000000000000000000222222000222221122222002220000000002221111111111111111111111222000000
000000000000000000000000002222220021220000222122200220222111111111111111111111112200000000
000000000000000000000000022111122022200000002222222222211111111111111111111111122000000000
000000000000000000000000221111112200000000000000000002111111111111111111111111220000000000
000000000000000000000222211111111220000000022222200002222211111111122222222112200000000000
000000000000000000000000221111111122222222222111222222200211111111220000002222000000000000
000000000000000000000000021111111222222222002221111111222222222222200000000000000000000000
000000000000000000000000022111112200000000000022211111111220000000000000000000000000000000
000000000000000000000000002111112000000000200200211111112200000000000000000000000000000000
000000000000000000000000002111112200000000022220212222222000000000000000000000000000000000
000000000000000000222222222112222200002220002222212000000000000000000000000000000000000000
000000000000000000233311114442000002002220000022112220000000000000000000000000000000000000
000000000000000002211111111112000002200200200002111122000000000000000000000000000000000000
000000000000000002111111111112200002200000220002221112200000000000000000000000000000000000
000000000000000002311111111112200022200000020000022222000000000000000000000000000000000000
000000000000000002311111111122000002200000000000222000000000000000000000000000000000000000
000000000000000022311111111220000002000000000000220000000000000000000000000000000000000000
000000000000000023111111112200000000000002220000200000000000000000000000000000000000000000
000000000000000022221111122000000000000222200000000000000000000000000000000000000000000000
000000000000000002022222220000000000000002000000000000000000000000000000000000000000000000
000000000000000000000000000000000000000000000000000000000000000000000000000000000000000000
000000000000000000000000000000000000000000000000000000000000000000000000000000000000000000
000000000000000000000000000000000000000000000000000000000000000000000000000000000000000000
